validation
TP: 2472.0
TN: 2396.0
FP: 584.0
FN: 536.0
precision: 0.8089004970909522
recall: 0.8218084833175371
f_measure: 0.8152534093877827
accuracy: 0.8129592382605337
auc_roc: 0.9045785065329145

testing
TP: 2620.0
TN: 2281.0
FP: 660.0
FN: 327.0
precision: 0.7987804634518151
recall: 0.8890396712236284
f_measure: 0.8414468267997854
accuracy: 0.8323709097763092
auc_roc: 0.9338790120417066